7.668149110571450544e-01
2.136632636468462076e-01
6.882868143175103759e-01
9.126848077732687692e-01
4.292813682571680611e-02
1.683781838261654562e-01
7.833840504289862262e-14
7.661430285293557851e-01
9.528441563943040871e-01
4.665771639341551036e-02
1.134612592523775824e-03
9.162017926964735048e-01
3.492803754406173522e-02
6.373843293638646879e-01
7.202799684768135225e-06
8.810018794082487004e-01
4.558208614343410847e-01
4.730051097521041359e-01
9.527244067807041916e-03
3.739092946628584935e-01
1.445062280915299646e-01
9.178393366997783520e-01
7.279833512245011962e-01
3.234550354865660116e-01
7.197849038837554891e-01
2.768283574107316958e-01
1.529591137221248710e-02
9.378073390279557664e-01
9.472394812303840395e-01
7.386622609462925038e-01
8.860538646922697659e-01
8.824738141219234944e-01
9.364235103454447984e-01
4.130592693606162102e-01
8.118703550897801019e-03
2.539572831987303436e-01
8.248491573946552524e-01
4.299966615928490499e-01
8.759530132222894672e-01
9.348857617559783728e-01
4.048971558200711307e-01
4.447780464494862640e-01
8.939852236385102957e-01
8.023768928897745401e-01
6.810296859489852260e-06
9.344233255615846945e-01
7.346930871579974154e-01
8.011107888543926858e-01
8.462846888121534628e-01
6.135035461455999872e-01
1.351919127661381610e-16
6.188110028752490388e-01
2.300747866754421381e-16
3.903062319170746974e-01
2.873791912646465844e-05
7.644782965316115160e-04
2.228971933012959537e-04
1.391041259086229012e-03
7.392282651346952956e-03
1.120142570740019575e-06
7.214711264747330349e-04
9.064562822616611297e-05
4.598925844622768766e-01
7.924734913080556812e-04
4.084608938215304821e-07
4.346097743415033160e-02
4.406023912443340841e-04
1.662201342077095615e-13
1.789363341344298863e-01
2.165235454356102926e-06
2.036488387118987184e-06
2.516410553326898225e-01
1.244533361748086445e-02
1.662288206287402259e-01
9.197807336147068849e-04
1.599370661111277937e-09
6.020619900784038997e-02
1.794622864024296438e-01
2.946956358002588946e-07
4.056418688786576077e-01
5.513785770621707494e-01
3.754530197396354974e-15
1.459242508163216606e-07
4.138113540957034551e-05
7.384316253542071162e-02
1.713208298100357143e-04
1.756782906784428713e-03
9.725879861775251628e-03
2.135985760283081250e-03
1.289930773635119917e-18
4.762836183278898461e-01
1.068660662875740549e-03
1.185334137557888167e-03
1.565975256968646931e-04
2.200153436307828185e-04
1.191678142021453668e-01
2.619296888113113453e-01
3.157534282454247526e-03
6.754364945193752211e-12
1.364222162485601020e-01
