9.311606272780992288e-01
4.397583760014801557e-01
6.756462549781551141e-01
9.415155217088881923e-01
5.824482368572893032e-01
8.760976192432921028e-01
1.270669458998414936e-02
7.480387490864436328e-01
9.580665934073765433e-01
7.695872789275319814e-01
1.871142250009389663e-01
9.378992121037779128e-01
8.459804521793542476e-01
7.882833486951221769e-01
1.364933923144480421e-01
9.485171773474884160e-01
7.509372875429503047e-01
5.415124214782330858e-01
1.278042760903818076e-01
8.378955219584555136e-01
7.893513954779104447e-01
9.654599780628847494e-01
7.117294761481908205e-01
4.830764686293707033e-01
8.837370288294911225e-01
6.284848195079116850e-01
7.047041295094309543e-01
9.751467542494373086e-01
9.782412671487913380e-01
8.615846640827398151e-01
9.663061404293304957e-01
9.111194672245342963e-01
9.680338657284714987e-01
7.334296556701703773e-01
1.911231504197739017e-01
5.222574428284794124e-01
9.375597203234845578e-01
2.572545794514457529e-01
8.716198774099581659e-01
9.568806105516680649e-01
7.122537497075169810e-01
3.137375362552664027e-01
9.118557007004791659e-01
9.040552240860969535e-01
2.427359984555716166e-01
9.652786930410012234e-01
7.741609606205466232e-01
9.208903369441220343e-01
9.380646435903673419e-01
6.350587819526197775e-01
5.472541194436067458e-02
7.453936326377476052e-01
1.032955385521080877e-01
4.007555167767098414e-01
3.671243413861423055e-01
6.672689571609963233e-02
5.377951972024777039e-01
5.976659937349623197e-01
3.596971740911869553e-01
1.837467242710594251e-01
1.832826498541655358e-01
2.938477001125163190e-01
8.132379429654648106e-01
8.746295705343323790e-02
1.454420379635175675e-01
2.023238168503078971e-01
2.117347342239182251e-01
1.130393346603740801e-01
5.274267951441699021e-01
1.548130797101851808e-01
3.572142580151365515e-02
6.227444038055378606e-01
3.354687738794009388e-01
4.446033273172022571e-01
2.188667506798872286e-01
9.478408686865784361e-02
1.169906040975597084e-01
3.553434137558047490e-01
4.929330119517044001e-02
6.896539073861364111e-01
8.340077568074275582e-01
7.515390160057895154e-03
1.716357905429005404e-01
8.309393461184029495e-02
3.819447114078667327e-01
1.566843848154828023e-01
1.732747056098091765e-01
3.218270122215139972e-01
2.558449176407032177e-01
3.022876581844717581e-02
6.993135407800895598e-01
3.954299163432745678e-01
4.279771854749686577e-01
3.570204607891134252e-01
2.452512234078541298e-01
3.110572103177719483e-01
2.617257302772114103e-01
2.810568394130421033e-01
5.694905843516154947e-02
4.908134309112386906e-01
