8.151693106219756180e-01
8.807549279365919359e-01
8.810287070508131535e-01
8.788499346172894411e-01
5.323203844329112838e-02
8.254686710152124574e-02
6.921403857369029522e-01
9.908715138346071427e-01
7.742822895405303552e-01
8.130630806032371760e-01
8.303964434292128161e-01
8.819119098525919354e-01
1.717972408878855328e-01
9.093911756696383408e-01
1.449353284488227867e-01
9.616334156669942290e-01
7.120173922062947858e-01
8.482072990166314996e-01
7.310794111221311509e-01
9.385411507969723122e-01
8.570005683097521310e-01
7.785181478903190344e-01
8.792686495567085814e-01
9.563134106992284833e-01
7.820567474688880916e-01
7.811219028771504425e-01
6.252570397293663040e-01
9.047550610942420857e-01
9.035858885389084216e-01
8.864992180544024603e-01
5.896131007746528985e-01
4.221874454648680275e-01
9.326677636317255438e-01
8.179237884787392554e-01
9.274340230054726186e-01
7.095354185780673451e-01
6.363862237252165821e-01
7.197497488586840353e-01
8.973270125291877841e-01
9.825022239282085179e-01
7.734375372897706047e-01
9.325298191162397776e-01
7.997797677076384781e-01
6.867190337393165311e-01
9.118256692431701005e-01
7.799491702006944305e-01
7.471642180448065940e-01
9.638597646102012861e-01
8.585555106656707069e-01
8.448410682087921231e-01
6.714487101179894557e-02
2.633444609368695288e-01
2.164698433390477850e-01
1.376352486737791869e-01
4.103541310392543884e-01
1.514427497869076100e-01
8.701105889090815504e-02
3.284388306130102686e-01
3.494999054062164490e-01
4.301250903749326282e-02
1.014789725366077172e-01
5.806525940757105708e-01
2.200066650798003162e-02
3.221031003890649225e-01
4.852988072421714483e-01
2.009868518319458952e-02
4.636621489809967384e-02
1.872295678102371963e-01
9.693324305945041908e-02
5.751115956119801087e-01
3.747752406669913605e-01
5.238092521721309236e-01
6.545038032702211739e-01
1.480341159579441797e-02
7.421458304473292911e-01
1.505261276836079298e-01
1.749529086532937983e-01
2.744674610027679762e-01
9.173118490518893386e-01
2.344783321864260528e-01
2.415409045483716544e-01
1.080847740141780144e-01
1.043795986390638475e-01
3.646424694611930667e-02
2.342931631843757911e-01
4.450847482661913351e-02
4.223855422484784454e-03
5.925715712187065165e-01
1.860688459127231645e-02
1.000498896583052189e-01
2.625629799418183197e-01
5.085729942736727516e-01
4.314484129515553934e-01
1.392389700381737316e-01
7.820034278497174363e-01
5.093538267691694044e-02
1.077198307975801572e-01
3.271526887086331215e-01
1.733277898360691960e-01
2.055290839132846437e-02
