8.395905142632935358e-02
4.127474977508562848e-01
2.118094104640173836e-01
6.138587879452055834e-02
4.316272162210998964e-01
1.892561851062972422e-01
9.996471730240990006e-01
1.700224202220773917e-01
4.510928148417231442e-02
3.194437691068792717e-01
8.113774406354236080e-01
6.280052973983935027e-02
2.777037133956795634e-01
1.717340822057855654e-01
9.388549732031681305e-01
6.148189734992889899e-02
2.134253049316392759e-01
3.052310206851412411e-01
7.764684253713057815e-01
1.797198617092767015e-01
2.535053608194628993e-01
4.592825783731281641e-02
1.907898460424487519e-01
3.624216270159814623e-01
1.158860843550295061e-01
3.031924934784672176e-01
4.170681467237958850e-01
3.637059713704212521e-02
3.273328428123720157e-02
1.249457505476213037e-01
4.877989008729971543e-02
8.181546626536739808e-02
4.169695829318604413e-02
2.281170657086807052e-01
7.361964332986045134e-01
3.598742111507904351e-01
7.438386523982234988e-02
4.661250944288299336e-01
1.009596822899880286e-01
4.905078929106665431e-02
2.394332082078719504e-01
4.266533413964723187e-01
7.963051705231299904e-02
9.596472267216597796e-02
9.144104634872832760e-01
4.383916139415667407e-02
1.643796562537358785e-01
8.681197575202836969e-02
7.182850097019070901e-02
2.407152513242512559e-01
9.997969348034316805e-01
1.932322135236124450e-01
9.996727589199582154e-01
3.894795521572655406e-01
8.518373732045072533e-01
8.968113748380740491e-01
7.202721416656898690e-01
6.053466696780066547e-01
6.427848509686941991e-01
9.497304660707136525e-01
8.275765228108992178e-01
8.430963508294669895e-01
1.820338915541482860e-01
8.807313420544233828e-01
9.644594097457771520e-01
6.514059246508427936e-01
8.289144615350908518e-01
9.986069504539742958e-01
3.793487226313734251e-01
9.482520791773215718e-01
9.774244086097936268e-01
3.118115951126385066e-01
6.300748685452957076e-01
4.262022474224846369e-01
8.020873870112295023e-01
9.912836017866897276e-01
7.102157301061516881e-01
4.702087207734536589e-01
9.820117305323934342e-01
2.498708403672282863e-01
1.602604830745719411e-01
9.998601128207125210e-01
9.681688044709710894e-01
9.343402462471659398e-01
5.085322634486374449e-01
8.780018336013214464e-01
8.046773702617192603e-01
6.498029884760190278e-01
7.525089868982313135e-01
9.999454554726517896e-01
2.342785725854252543e-01
7.147137626919058961e-01
6.953308880671176251e-01
8.041847088787812403e-01
8.354013748988723398e-01
5.220584791672658875e-01
5.029738557814046329e-01
7.232956640366021706e-01
9.979439320225363952e-01
4.142511836155013949e-01
