1.253902467202041801e-05
1.013502010800613680e-05
3.742160215501651483e-07
1.496864885674107581e-06
8.783922785402995242e-05
2.132528642342945859e-05
3.530941456852875089e-03
4.303587607306747637e-03
2.319019877654067820e-04
2.208816184061454246e-01
6.531725561372957612e-05
4.273181587982784885e-03
1.564823389125895694e-03
7.458205095203794401e-07
5.942473480378645048e-03
3.968540469376410570e-03
4.787249864672762575e-03
3.426271067685021589e-04
9.881955743394849057e-01
3.011243906514665669e-01
1.628163386384291007e-04
4.772375726297205523e-01
4.395982577163567440e-01
9.783475131800176892e-06
1.528050495919191717e-02
1.705082345078216846e-05
1.610509473325447615e-03
8.203075091282611142e-01
2.760908393617264394e-04
2.228571951118616945e-06
1.311218352889175279e-02
8.554573977027771781e-01
1.261746240393182361e-03
3.165951852825763932e-09
3.878673792541915467e-04
9.871472107160616377e-03
4.775488671331414546e-03
9.933550623428365478e-01
6.155669990237386463e-07
6.741784895356216666e-06
5.827725300304582813e-04
3.835217856230844760e-07
1.688711064213780442e-08
3.755782358364451276e-05
5.171381306146963230e-02
1.153076562308686433e-03
1.800636318892421574e-04
1.102033237804823990e-06
9.307836345898508491e-07
3.154831808125172361e-05
1.455365469119806120e-04
5.552509382858352837e-06
3.476737241186545949e-05
7.730216586102382501e-06
1.257337611774216870e-03
1.132196312313973834e-06
3.457710524668389045e-04
2.306110737247457198e-03
5.440908081870529829e-03
7.223623558796255992e-03
1.638496821231588837e-04
5.657541377708653282e-07
9.992458985182715026e-01
9.999674613487518071e-01
9.997575518291037522e-01
9.998473311893936177e-01
9.946385253329989018e-01
9.995144813498370029e-01
9.957889205882572980e-01
9.998719121763792739e-01
4.272346211449090658e-01
9.581037074803572251e-01
9.580865071805519939e-01
9.969327993914735009e-01
7.103458084192559863e-01
8.850248026519379474e-01
9.993887366270611805e-01
9.539667266660073475e-01
9.263457292652910180e-01
9.983932975589960845e-01
9.458089826817275281e-01
9.934344993936098378e-01
9.993289914539393859e-01
9.988730219781328801e-01
9.998816515086859091e-01
9.691096866164433665e-01
9.403690449810385710e-01
8.919972385643382129e-01
9.999222525682632812e-01
9.965117594050297845e-01
9.979644753704595139e-01
9.929645256004979714e-01
9.810632554993096166e-01
9.985753326529843710e-01
9.920583169384546984e-01
9.919745501581478386e-01
9.788424643014448367e-01
9.973256329204641668e-01
9.957647931603957892e-01
7.305174105314666821e-01
9.994041024614166435e-01
9.430350612780850073e-01
8.092534348436822844e-01
9.998923974360562905e-01
9.759742591742905926e-01
9.969337185433506665e-01
8.656961574696079298e-01
9.981508279013976415e-01
9.891338872677426508e-01
9.949527222846862307e-01
8.166502279696826738e-01
9.897118362760478627e-01
9.980782572925946949e-01
8.891290354213583491e-01
9.798821557700128082e-01
9.871318012144981724e-01
9.975394882698307431e-01
9.993126753989637345e-01
9.993409694657684472e-01
8.997410155705096724e-01
5.666252352169465212e-01
9.010537514136819359e-01
9.724970824842231742e-01
9.966773075002187676e-01
