4.143067994890461958e-03
2.412686675337146272e-03
1.175557530372796497e-03
2.550766094033619751e-03
9.507595702149004499e-03
5.032505270906049814e-03
3.555321963437317601e-02
1.864152337584618416e-02
1.496125681791015023e-02
5.512340864509657212e-02
8.381799787519215311e-03
1.435720222978126639e-02
2.214107735761947429e-02
2.897057817172157823e-03
1.179166017520762513e-02
1.277275865596459031e-02
1.264402401189825692e-02
9.196681319629539803e-03
1.754176981907374089e-01
5.756679069722259873e-02
1.299848180984635761e-02
7.865005384199919014e-02
1.149157486798144112e-01
2.294136657802651330e-03
1.668377790838785138e-02
5.882692065413739659e-03
1.267285236579476955e-02
1.230304210365298356e-01
8.324926018564361707e-03
1.959936354711472664e-03
3.646571928634723819e-02
5.646891156857585664e-02
1.508440384073499348e-02
5.946353661339876450e-04
8.891973015233827285e-03
3.456261586946459546e-02
2.396030251645440284e-02
2.270360237746135712e-01
1.348843579073913130e-03
2.766191654855181242e-03
1.219218095157335348e-02
2.298553811019820366e-03
7.865705478851079411e-04
4.385802690116820737e-03
5.732187699876241382e-02
1.555556980133763860e-02
4.647897739772611884e-03
3.191925094008648926e-03
1.865786204515884616e-03
5.553640999264882958e-03
7.202821704127081170e-03
2.820883032174144583e-03
5.129903934333272970e-03
3.690457793484168414e-03
1.607188376098672364e-02
3.463273827565415720e-03
8.833887145406555189e-03
2.598616885822591788e-02
1.813202364424954666e-02
2.567923431238181356e-02
1.039648865188040616e-02
1.230075913437382118e-03
2.413032732141427716e-01
3.353065386305937312e-01
2.302137519747594341e-01
2.504217327855871589e-01
2.037403656585871636e-01
2.319939253378571764e-01
1.694787872574693155e-01
3.314979779444278685e-01
6.967720809902391843e-02
1.111190924448678258e-01
1.240087023298550584e-01
2.018671116276524458e-01
9.731881053000207560e-02
1.280899223460871539e-01
2.876018268771575737e-01
1.184703132726229319e-01
1.242364607905329932e-01
1.999246703323337981e-01
1.172187568674381147e-01
1.704019238856792906e-01
2.295963316148882660e-01
2.711202103488157822e-01
2.808401185060522276e-01
1.307492523234278781e-01
1.745684911351303992e-01
1.236440335938174123e-01
3.095759315843113479e-01
1.696800566565059565e-01
2.157274992004545311e-01
1.784299723408399874e-01
1.733561001944918245e-01
2.136599104250868630e-01
1.470525412042889279e-01
1.780441517084156711e-01
1.217670158842502348e-01
1.788408011234291495e-01
1.882867055678132118e-01
8.714334290590962373e-02
2.761585429447568352e-01
1.117006914151086466e-01
9.067696397516356033e-02
2.910147036635922779e-01
1.375026562071331449e-01
1.837253540942379582e-01
1.057846925455031423e-01
1.958864934150340853e-01
1.605954483658209309e-01
1.632164427254343131e-01
1.125278918590290334e-01
1.616181406380408359e-01
1.945489934400329579e-01
1.162914389906967438e-01
1.675321294267983763e-01
1.419651925845041296e-01
1.902929730623421078e-01
2.273719030196355018e-01
2.566235419310792798e-01
1.129814120034513397e-01
7.290068602886051741e-02
1.212179063582833893e-01
1.284098981226836078e-01
1.816910230033776108e-01
